"tick","Search","Agents"
1.0,1.0,50
2.0,1.0,89
3.0,1.0,89
4.0,1.0,118
5.0,1.0,118
6.0,1.0,131
7.0,1.0,131
8.0,1.0,125
9.0,1.0,125
10.0,1.0,112
11.0,1.0,112
12.0,1.0,110
13.0,1.0,110
14.0,1.0,109
15.0,1.0,109
16.0,1.0,108
17.0,1.0,108
18.0,1.0,110
19.0,1.0,110
20.0,1.0,106
21.0,1.0,106
22.0,1.0,108
23.0,1.0,108
24.0,1.0,103
25.0,1.0,103
26.0,1.0,106
27.0,1.0,106
28.0,1.0,102
29.0,1.0,102
30.0,1.0,97
31.0,1.0,97
32.0,1.0,92
33.0,1.0,92
34.0,1.0,96
35.0,1.0,96
36.0,1.0,87
37.0,1.0,87
38.0,1.0,86
39.0,1.0,86
40.0,1.0,91
41.0,1.0,91
42.0,1.0,88
43.0,1.0,88
44.0,1.0,87
45.0,1.0,87
46.0,1.0,94
47.0,1.0,94
48.0,1.0,97
49.0,1.0,97
50.0,1.0,94
51.0,1.0,94
52.0,1.0,88
53.0,1.0,88
54.0,1.0,91
55.0,1.0,91
56.0,1.0,84
57.0,1.0,84
58.0,1.0,78
59.0,1.0,78
60.0,1.0,76
61.0,1.0,76
62.0,1.0,79
63.0,1.0,79
64.0,1.0,80
65.0,1.0,80
66.0,1.0,73
67.0,1.0,73
68.0,1.0,74
69.0,1.0,74
70.0,1.0,82
71.0,1.0,82
72.0,1.0,85
73.0,1.0,85
74.0,1.0,86
75.0,1.0,86
76.0,1.0,82
77.0,1.0,82
78.0,1.0,89
79.0,1.0,89
80.0,1.0,92
81.0,1.0,92
82.0,1.0,83
83.0,1.0,83
84.0,1.0,87
85.0,1.0,87
86.0,1.0,83
87.0,1.0,83
88.0,1.0,91
89.0,1.0,91
90.0,1.0,85
91.0,1.0,85
92.0,1.0,83
93.0,1.0,83
94.0,1.0,80
95.0,1.0,80
96.0,1.0,82
97.0,1.0,82
98.0,1.0,80
99.0,1.0,80
100.0,1.0,78
101.0,1.0,78
102.0,1.0,79
103.0,1.0,79
104.0,1.0,83
105.0,1.0,83
106.0,1.0,86
107.0,1.0,86
108.0,1.0,82
109.0,1.0,82
110.0,1.0,80
111.0,1.0,80
112.0,1.0,89
113.0,1.0,89
114.0,1.0,90
115.0,1.0,90
116.0,1.0,81
117.0,1.0,81
118.0,1.0,80
119.0,1.0,80
120.0,1.0,84
121.0,1.0,84
122.0,1.0,95
123.0,1.0,95
124.0,1.0,88
125.0,1.0,88
126.0,1.0,84
127.0,1.0,84
128.0,1.0,91
129.0,1.0,91
130.0,1.0,89
131.0,1.0,89
132.0,1.0,79
133.0,1.0,79
134.0,1.0,77
135.0,1.0,77
136.0,1.0,75
137.0,1.0,75
138.0,1.0,77
139.0,1.0,77
140.0,1.0,68
141.0,1.0,68
142.0,1.0,71
143.0,1.0,71
144.0,1.0,77
145.0,1.0,77
146.0,1.0,71
147.0,1.0,71
148.0,1.0,73
149.0,1.0,73
150.0,1.0,80
151.0,1.0,80
152.0,1.0,76
153.0,1.0,76
154.0,1.0,79
155.0,1.0,79
156.0,1.0,82
157.0,1.0,82
158.0,1.0,81
159.0,1.0,81
160.0,1.0,78
161.0,1.0,78
162.0,1.0,74
163.0,1.0,74
164.0,1.0,74
165.0,1.0,74
166.0,1.0,72
167.0,1.0,72
168.0,1.0,73
169.0,1.0,73
170.0,1.0,78
171.0,1.0,78
172.0,1.0,77
173.0,1.0,77
174.0,1.0,70
175.0,1.0,70
176.0,1.0,74
177.0,1.0,74
178.0,1.0,83
179.0,1.0,83
180.0,1.0,79
181.0,1.0,79
182.0,1.0,80
183.0,1.0,80
184.0,1.0,79
185.0,1.0,79
186.0,1.0,83
187.0,1.0,83
188.0,1.0,77
189.0,1.0,77
190.0,1.0,76
191.0,1.0,76
192.0,1.0,75
193.0,1.0,75
194.0,1.0,79
195.0,1.0,79
196.0,1.0,78
197.0,1.0,78
198.0,1.0,82
199.0,1.0,82
200.0,1.0,80
201.0,1.0,80
202.0,1.0,77
203.0,1.0,77
204.0,1.0,82
205.0,1.0,82
206.0,1.0,76
207.0,1.0,76
208.0,1.0,78
209.0,1.0,78
210.0,1.0,77
211.0,1.0,77
212.0,1.0,70
213.0,1.0,70
214.0,1.0,76
215.0,1.0,76
216.0,1.0,77
217.0,1.0,77
218.0,1.0,76
219.0,1.0,76
220.0,1.0,80
221.0,1.0,80
222.0,1.0,83
223.0,1.0,83
224.0,1.0,81
225.0,1.0,81
226.0,1.0,86
227.0,1.0,86
228.0,1.0,86
229.0,1.0,86
230.0,1.0,84
231.0,1.0,84
232.0,1.0,84
233.0,1.0,84
234.0,1.0,86
235.0,1.0,86
236.0,1.0,77
237.0,1.0,77
238.0,1.0,82
239.0,1.0,82
240.0,1.0,84
241.0,1.0,84
242.0,1.0,82
243.0,1.0,82
244.0,1.0,88
245.0,1.0,88
246.0,1.0,83
247.0,1.0,83
248.0,1.0,89
249.0,1.0,89
250.0,1.0,92
251.0,1.0,92
252.0,1.0,95
253.0,1.0,95
254.0,1.0,86
255.0,1.0,86
256.0,1.0,80
257.0,1.0,80
258.0,1.0,90
259.0,1.0,90
260.0,1.0,82
261.0,1.0,82
262.0,1.0,79
263.0,1.0,79
264.0,1.0,80
265.0,1.0,80
266.0,1.0,87
267.0,1.0,87
268.0,1.0,87
269.0,1.0,87
270.0,1.0,84
271.0,1.0,84
272.0,1.0,86
273.0,1.0,86
274.0,1.0,81
275.0,1.0,81
276.0,1.0,85
277.0,1.0,85
278.0,1.0,83
279.0,1.0,83
280.0,1.0,75
281.0,1.0,75
282.0,1.0,81
283.0,1.0,81
284.0,1.0,81
285.0,1.0,81
286.0,1.0,74
287.0,1.0,74
288.0,1.0,79
289.0,1.0,79
290.0,1.0,78
291.0,1.0,78
292.0,1.0,87
293.0,1.0,87
294.0,1.0,85
295.0,1.0,85
296.0,1.0,88
297.0,1.0,88
298.0,1.0,88
299.0,1.0,88
300.0,1.0,95
301.0,1.0,95
302.0,1.0,91
303.0,1.0,91
304.0,1.0,90
305.0,1.0,90
306.0,1.0,89
307.0,1.0,89
308.0,1.0,88
309.0,1.0,88
310.0,1.0,79
311.0,1.0,79
312.0,1.0,88
313.0,1.0,88
314.0,1.0,86
315.0,1.0,86
316.0,1.0,80
317.0,1.0,80
318.0,1.0,85
319.0,1.0,85
320.0,1.0,82
321.0,1.0,82
322.0,1.0,79
323.0,1.0,79
324.0,1.0,79
325.0,1.0,79
326.0,1.0,77
327.0,1.0,77
328.0,1.0,76
329.0,1.0,76
330.0,1.0,79
331.0,1.0,79
332.0,1.0,69
333.0,1.0,69
334.0,1.0,76
335.0,1.0,76
336.0,1.0,75
337.0,1.0,75
338.0,1.0,75
339.0,1.0,75
340.0,1.0,80
341.0,1.0,80
342.0,1.0,78
343.0,1.0,78
344.0,1.0,74
345.0,1.0,74
346.0,1.0,67
347.0,1.0,67
348.0,1.0,72
349.0,1.0,72
350.0,1.0,75
351.0,1.0,75
352.0,1.0,74
353.0,1.0,74
354.0,1.0,77
355.0,1.0,77
356.0,1.0,78
357.0,1.0,78
358.0,1.0,73
359.0,1.0,73
360.0,1.0,82
361.0,1.0,82
362.0,1.0,80
363.0,1.0,80
364.0,1.0,72
365.0,1.0,72
366.0,1.0,75
367.0,1.0,75
368.0,1.0,79
369.0,1.0,79
370.0,1.0,78
371.0,1.0,78
372.0,1.0,80
373.0,1.0,80
374.0,1.0,73
375.0,1.0,73
376.0,1.0,82
377.0,1.0,82
378.0,1.0,86
379.0,1.0,86
380.0,1.0,79
381.0,1.0,79
382.0,1.0,82
383.0,1.0,82
384.0,1.0,83
385.0,1.0,83
386.0,1.0,79
387.0,1.0,79
388.0,1.0,83
389.0,1.0,83
390.0,1.0,75
391.0,1.0,75
392.0,1.0,73
393.0,1.0,73
394.0,1.0,76
395.0,1.0,76
396.0,1.0,80
397.0,1.0,80
398.0,1.0,69
399.0,1.0,69
400.0,1.0,74
401.0,1.0,74
402.0,1.0,70
403.0,1.0,70
404.0,1.0,72
405.0,1.0,72
406.0,1.0,78
407.0,1.0,78
408.0,1.0,78
409.0,1.0,78
410.0,1.0,74
411.0,1.0,74
412.0,1.0,78
413.0,1.0,78
414.0,1.0,74
415.0,1.0,74
416.0,1.0,76
417.0,1.0,76
418.0,1.0,75
419.0,1.0,75
420.0,1.0,72
421.0,1.0,72
422.0,1.0,67
423.0,1.0,67
424.0,1.0,72
425.0,1.0,72
426.0,1.0,71
427.0,1.0,71
428.0,1.0,67
429.0,1.0,67
430.0,1.0,72
431.0,1.0,72
432.0,1.0,76
433.0,1.0,76
434.0,1.0,73
435.0,1.0,73
436.0,1.0,74
437.0,1.0,74
438.0,1.0,72
439.0,1.0,72
440.0,1.0,80
441.0,1.0,80
442.0,1.0,76
443.0,1.0,76
444.0,1.0,77
445.0,1.0,77
446.0,1.0,77
447.0,1.0,77
448.0,1.0,69
449.0,1.0,69
450.0,1.0,68
451.0,1.0,68
452.0,1.0,76
453.0,1.0,76
454.0,1.0,79
455.0,1.0,79
456.0,1.0,74
457.0,1.0,74
458.0,1.0,79
459.0,1.0,79
460.0,1.0,78
461.0,1.0,78
462.0,1.0,74
463.0,1.0,74
464.0,1.0,75
465.0,1.0,75
466.0,1.0,70
467.0,1.0,70
468.0,1.0,74
469.0,1.0,74
470.0,1.0,72
471.0,1.0,72
472.0,1.0,73
473.0,1.0,73
474.0,1.0,76
475.0,1.0,76
476.0,1.0,69
477.0,1.0,69
478.0,1.0,71
479.0,1.0,71
480.0,1.0,76
481.0,1.0,76
482.0,1.0,74
483.0,1.0,74
484.0,1.0,69
485.0,1.0,69
486.0,1.0,69
487.0,1.0,69
488.0,1.0,74
489.0,1.0,74
490.0,1.0,66
491.0,1.0,66
492.0,1.0,71
493.0,1.0,71
494.0,1.0,69
495.0,1.0,69
496.0,1.0,71
497.0,1.0,71
498.0,1.0,71
499.0,1.0,71
500.0,1.0,79
501.0,1.0,79
502.0,1.0,74
503.0,1.0,74
504.0,1.0,76
505.0,1.0,76
506.0,1.0,77
507.0,1.0,77
508.0,1.0,77
509.0,1.0,77
510.0,1.0,75
511.0,1.0,75
512.0,1.0,69
513.0,1.0,69
514.0,1.0,67
515.0,1.0,67
516.0,1.0,71
517.0,1.0,71
518.0,1.0,62
519.0,1.0,62
520.0,1.0,70
521.0,1.0,70
522.0,1.0,74
523.0,1.0,74
524.0,1.0,68
525.0,1.0,68
526.0,1.0,78
527.0,1.0,78
528.0,1.0,76
529.0,1.0,76
530.0,1.0,78
531.0,1.0,78
532.0,1.0,71
533.0,1.0,71
534.0,1.0,80
535.0,1.0,80
536.0,1.0,75
537.0,1.0,75
538.0,1.0,70
539.0,1.0,70
540.0,1.0,77
541.0,1.0,77
542.0,1.0,79
543.0,1.0,79
544.0,1.0,78
545.0,1.0,78
546.0,1.0,78
547.0,1.0,78
548.0,1.0,73
549.0,1.0,73
550.0,1.0,70
551.0,1.0,70
552.0,1.0,76
553.0,1.0,76
554.0,1.0,79
555.0,1.0,79
556.0,1.0,72
557.0,1.0,72
558.0,1.0,77
559.0,1.0,77
560.0,1.0,82
561.0,1.0,82
562.0,1.0,78
563.0,1.0,78
564.0,1.0,82
565.0,1.0,82
566.0,1.0,76
567.0,1.0,76
568.0,1.0,71
569.0,1.0,71
570.0,1.0,72
571.0,1.0,72
572.0,1.0,76
573.0,1.0,76
574.0,1.0,83
575.0,1.0,83
576.0,1.0,87
577.0,1.0,87
578.0,1.0,72
579.0,1.0,72
580.0,1.0,73
581.0,1.0,73
582.0,1.0,73
583.0,1.0,73
584.0,1.0,81
585.0,1.0,81
586.0,1.0,83
587.0,1.0,83
588.0,1.0,79
589.0,1.0,79
590.0,1.0,76
591.0,1.0,76
592.0,1.0,83
593.0,1.0,83
594.0,1.0,81
595.0,1.0,81
596.0,1.0,79
597.0,1.0,79
598.0,1.0,73
599.0,1.0,73
600.0,1.0,80
601.0,1.0,80
602.0,1.0,74
603.0,1.0,74
604.0,1.0,77
605.0,1.0,77
606.0,1.0,70
607.0,1.0,70
608.0,1.0,75
609.0,1.0,75
610.0,1.0,83
611.0,1.0,83
612.0,1.0,81
613.0,1.0,81
614.0,1.0,78
615.0,1.0,78
616.0,1.0,84
617.0,1.0,84
618.0,1.0,79
619.0,1.0,79
620.0,1.0,79
621.0,1.0,79
622.0,1.0,76
623.0,1.0,76
624.0,1.0,74
625.0,1.0,74
626.0,1.0,74
627.0,1.0,74
628.0,1.0,76
629.0,1.0,76
630.0,1.0,73
631.0,1.0,73
632.0,1.0,75
633.0,1.0,75
634.0,1.0,74
635.0,1.0,74
636.0,1.0,70
637.0,1.0,70
638.0,1.0,69
639.0,1.0,69
640.0,1.0,71
641.0,1.0,71
642.0,1.0,73
643.0,1.0,73
644.0,1.0,74
645.0,1.0,74
646.0,1.0,78
647.0,1.0,78
648.0,1.0,78
649.0,1.0,78
650.0,1.0,73
651.0,1.0,73
652.0,1.0,72
653.0,1.0,72
654.0,1.0,81
655.0,1.0,81
656.0,1.0,74
657.0,1.0,74
658.0,1.0,68
659.0,1.0,68
660.0,1.0,73
661.0,1.0,73
662.0,1.0,72
663.0,1.0,72
664.0,1.0,76
665.0,1.0,76
666.0,1.0,77
667.0,1.0,77
668.0,1.0,73
669.0,1.0,73
670.0,1.0,78
671.0,1.0,78
672.0,1.0,83
673.0,1.0,83
674.0,1.0,79
675.0,1.0,79
676.0,1.0,82
677.0,1.0,82
678.0,1.0,77
679.0,1.0,77
680.0,1.0,79
681.0,1.0,79
682.0,1.0,77
683.0,1.0,77
684.0,1.0,80
685.0,1.0,80
686.0,1.0,80
687.0,1.0,80
688.0,1.0,78
689.0,1.0,78
690.0,1.0,76
691.0,1.0,76
692.0,1.0,73
693.0,1.0,73
694.0,1.0,77
695.0,1.0,77
696.0,1.0,77
697.0,1.0,77
698.0,1.0,69
699.0,1.0,69
700.0,1.0,70
701.0,1.0,70
702.0,1.0,76
703.0,1.0,76
704.0,1.0,78
705.0,1.0,78
706.0,1.0,72
707.0,1.0,72
708.0,1.0,74
709.0,1.0,74
710.0,1.0,74
711.0,1.0,74
712.0,1.0,67
713.0,1.0,67
714.0,1.0,67
715.0,1.0,67
716.0,1.0,72
717.0,1.0,72
718.0,1.0,71
719.0,1.0,71
720.0,1.0,74
721.0,1.0,74
722.0,1.0,72
723.0,1.0,72
724.0,1.0,68
725.0,1.0,68
726.0,1.0,67
727.0,1.0,67
728.0,1.0,70
729.0,1.0,70
730.0,1.0,68
731.0,1.0,68
732.0,1.0,73
733.0,1.0,73
734.0,1.0,74
735.0,1.0,74
736.0,1.0,75
737.0,1.0,75
738.0,1.0,70
739.0,1.0,70
740.0,1.0,74
741.0,1.0,74
742.0,1.0,78
743.0,1.0,78
744.0,1.0,81
745.0,1.0,81
746.0,1.0,70
747.0,1.0,70
748.0,1.0,72
749.0,1.0,72
750.0,1.0,70
751.0,1.0,70
752.0,1.0,76
753.0,1.0,76
754.0,1.0,74
755.0,1.0,74
756.0,1.0,73
757.0,1.0,73
758.0,1.0,73
759.0,1.0,73
760.0,1.0,76
761.0,1.0,76
762.0,1.0,75
763.0,1.0,75
764.0,1.0,74
765.0,1.0,74
766.0,1.0,77
767.0,1.0,77
768.0,1.0,78
769.0,1.0,78
770.0,1.0,69
771.0,1.0,69
772.0,1.0,74
773.0,1.0,74
774.0,1.0,76
775.0,1.0,76
776.0,1.0,73
777.0,1.0,73
778.0,1.0,75
779.0,1.0,75
780.0,1.0,80
781.0,1.0,80
782.0,1.0,79
783.0,1.0,79
784.0,1.0,76
785.0,1.0,76
786.0,1.0,68
787.0,1.0,68
788.0,1.0,65
789.0,1.0,65
790.0,1.0,71
791.0,1.0,71
792.0,1.0,72
793.0,1.0,72
794.0,1.0,70
795.0,1.0,70
796.0,1.0,66
797.0,1.0,66
798.0,1.0,70
799.0,1.0,70
800.0,1.0,74
801.0,1.0,74
802.0,1.0,74
803.0,1.0,74
804.0,1.0,69
805.0,1.0,69
806.0,1.0,72
807.0,1.0,72
808.0,1.0,71
809.0,1.0,71
810.0,1.0,69
811.0,1.0,69
812.0,1.0,77
813.0,1.0,77
814.0,1.0,78
815.0,1.0,78
816.0,1.0,76
817.0,1.0,76
818.0,1.0,77
819.0,1.0,77
820.0,1.0,73
821.0,1.0,73
822.0,1.0,76
823.0,1.0,76
824.0,1.0,75
825.0,1.0,75
826.0,1.0,74
827.0,1.0,74
828.0,1.0,72
829.0,1.0,72
830.0,1.0,72
831.0,1.0,72
832.0,1.0,67
833.0,1.0,67
834.0,1.0,72
835.0,1.0,72
836.0,1.0,76
837.0,1.0,76
838.0,1.0,72
839.0,1.0,72
840.0,1.0,74
841.0,1.0,74
842.0,1.0,72
843.0,1.0,72
844.0,1.0,67
845.0,1.0,67
846.0,1.0,70
847.0,1.0,70
848.0,1.0,72
849.0,1.0,72
850.0,1.0,71
851.0,1.0,71
852.0,1.0,69
853.0,1.0,69
854.0,1.0,66
855.0,1.0,66
856.0,1.0,74
857.0,1.0,74
858.0,1.0,69
859.0,1.0,69
860.0,1.0,73
861.0,1.0,73
862.0,1.0,69
863.0,1.0,69
864.0,1.0,73
865.0,1.0,73
866.0,1.0,68
867.0,1.0,68
868.0,1.0,67
869.0,1.0,67
870.0,1.0,72
871.0,1.0,72
872.0,1.0,75
873.0,1.0,75
874.0,1.0,72
875.0,1.0,72
876.0,1.0,70
877.0,1.0,70
878.0,1.0,67
879.0,1.0,67
880.0,1.0,72
881.0,1.0,72
882.0,1.0,75
883.0,1.0,75
884.0,1.0,68
885.0,1.0,68
886.0,1.0,67
887.0,1.0,67
888.0,1.0,69
889.0,1.0,69
890.0,1.0,67
891.0,1.0,67
892.0,1.0,69
893.0,1.0,69
894.0,1.0,79
895.0,1.0,79
896.0,1.0,74
897.0,1.0,74
898.0,1.0,70
899.0,1.0,70
900.0,1.0,76
901.0,1.0,76
902.0,1.0,78
903.0,1.0,78
904.0,1.0,79
905.0,1.0,79
906.0,1.0,70
907.0,1.0,70
908.0,1.0,71
909.0,1.0,71
910.0,1.0,74
911.0,1.0,74
912.0,1.0,75
913.0,1.0,75
914.0,1.0,66
915.0,1.0,66
916.0,1.0,67
917.0,1.0,67
918.0,1.0,70
919.0,1.0,70
920.0,1.0,72
921.0,1.0,72
922.0,1.0,71
923.0,1.0,71
924.0,1.0,71
925.0,1.0,71
926.0,1.0,69
927.0,1.0,69
928.0,1.0,78
929.0,1.0,78
930.0,1.0,65
931.0,1.0,65
932.0,1.0,64
933.0,1.0,64
934.0,1.0,72
935.0,1.0,72
936.0,1.0,73
937.0,1.0,73
938.0,1.0,71
939.0,1.0,71
940.0,1.0,78
941.0,1.0,78
942.0,1.0,79
943.0,1.0,79
944.0,1.0,70
945.0,1.0,70
946.0,1.0,71
947.0,1.0,71
948.0,1.0,74
949.0,1.0,74
950.0,1.0,72
951.0,1.0,72
952.0,1.0,76
953.0,1.0,76
954.0,1.0,75
955.0,1.0,75
956.0,1.0,76
957.0,1.0,76
958.0,1.0,68
959.0,1.0,68
960.0,1.0,71
961.0,1.0,71
962.0,1.0,69
963.0,1.0,69
964.0,1.0,72
965.0,1.0,72
966.0,1.0,68
967.0,1.0,68
968.0,1.0,68
969.0,1.0,68
970.0,1.0,67
971.0,1.0,67
972.0,1.0,71
973.0,1.0,71
974.0,1.0,79
975.0,1.0,79
976.0,1.0,80
977.0,1.0,80
978.0,1.0,76
979.0,1.0,76
980.0,1.0,68
981.0,1.0,68
982.0,1.0,75
983.0,1.0,75
984.0,1.0,77
985.0,1.0,77
986.0,1.0,70
987.0,1.0,70
988.0,1.0,75
989.0,1.0,75
990.0,1.0,75
991.0,1.0,75
992.0,1.0,75
993.0,1.0,75
994.0,1.0,75
995.0,1.0,75
996.0,1.0,78
997.0,1.0,78
998.0,1.0,72
999.0,1.0,72
1000.0,1.0,76
