"run","nSteps","randomSeed","maxEnergy","xDim","maxResource","decisionType","resourceGrowthRate","memory","numberOfAgents","energyCost","searchRadius","yDim"
1,1000.0,-2046862019,100.0,30,100,"greedy",25.0,"false",50,25.0,1,30
2,1000.0,-2046860938,100.0,30,100,"greedy",25.0,"false",50,25.0,1,30
3,1000.0,-2046860062,100.0,30,100,"greedy",25.0,"false",50,25.0,1,30
4,1000.0,-2046858932,100.0,30,100,"greedy",25.0,"false",50,25.0,1,30
5,1000.0,-2046857692,100.0,30,100,"greedy",25.0,"false",50,25.0,1,30
6,1000.0,-2046856626,100.0,30,100,"greedy",25.0,"false",50,25.0,1,30
7,1000.0,-2046855907,100.0,30,100,"greedy",25.0,"false",50,25.0,1,30
8,1000.0,-2046854575,100.0,30,100,"greedy",25.0,"false",50,25.0,1,30
9,1000.0,-2046853277,100.0,30,100,"greedy",25.0,"false",50,25.0,1,30
10,1000.0,-2046851960,100.0,30,100,"greedy",25.0,"false",50,25.0,1,30
11,1000.0,-2046850346,100.0,30,100,"greedy",25.0,"false",50,25.0,1,30
12,1000.0,-2046849054,100.0,30,100,"greedy",25.0,"false",50,25.0,1,30
13,1000.0,-2046847732,100.0,30,100,"greedy",25.0,"false",50,25.0,1,30
14,1000.0,-2046845964,100.0,30,100,"greedy",25.0,"false",50,25.0,1,30
15,1000.0,-2046844628,100.0,30,100,"greedy",25.0,"false",50,25.0,1,30
16,1000.0,-2046843152,100.0,30,100,"greedy",25.0,"false",50,25.0,1,30
17,1000.0,-2046841665,100.0,30,100,"greedy",25.0,"false",50,25.0,1,30
18,1000.0,-2046840089,100.0,30,100,"greedy",25.0,"false",50,25.0,1,30
19,1000.0,-2046839023,100.0,30,100,"greedy",25.0,"false",50,25.0,1,30
20,1000.0,-2046837234,100.0,30,100,"greedy",25.0,"false",50,25.0,1,30
21,1000.0,-2046835515,100.0,30,100,"greedy",25.0,"false",50,25.0,1,30
22,1000.0,-2046833331,100.0,30,100,"greedy",25.0,"false",50,25.0,1,30
23,1000.0,-2046831863,100.0,30,100,"greedy",25.0,"false",50,25.0,1,30
24,1000.0,-2046830261,100.0,30,100,"greedy",25.0,"false",50,25.0,1,30
25,1000.0,-2046828231,100.0,30,100,"greedy",25.0,"false",50,25.0,1,30
26,1000.0,-2046825920,100.0,30,100,"greedy",25.0,"false",50,25.0,1,30
27,1000.0,-2046823929,100.0,30,100,"greedy",25.0,"false",50,25.0,1,30
28,1000.0,-2046822139,100.0,30,100,"greedy",25.0,"false",50,25.0,1,30
29,1000.0,-2046820152,100.0,30,100,"greedy",25.0,"false",50,25.0,1,30
30,1000.0,-2046818520,100.0,30,100,"greedy",25.0,"false",50,25.0,1,30
31,1000.0,-2046817215,100.0,30,100,"greedy",25.0,"false",50,25.0,1,30
32,1000.0,-2046815803,100.0,30,100,"greedy",25.0,"false",50,25.0,1,30
33,1000.0,-2046814338,100.0,30,100,"greedy",25.0,"false",50,25.0,1,30
34,1000.0,-2046812963,100.0,30,100,"greedy",25.0,"false",50,25.0,1,30
35,1000.0,-2046811543,100.0,30,100,"greedy",25.0,"false",50,25.0,1,30
36,1000.0,-2046809932,100.0,30,100,"greedy",25.0,"false",50,25.0,1,30
37,1000.0,-2046808632,100.0,30,100,"greedy",25.0,"false",50,25.0,1,30
38,1000.0,-2046807213,100.0,30,100,"greedy",25.0,"false",50,25.0,1,30
39,1000.0,-2046806042,100.0,30,100,"greedy",25.0,"false",50,25.0,1,30
40,1000.0,-2046805114,100.0,30,100,"greedy",25.0,"false",50,25.0,1,30
41,1000.0,-2046804325,100.0,30,100,"greedy",25.0,"false",50,25.0,1,30
42,1000.0,-2046802676,100.0,30,100,"greedy",25.0,"false",50,25.0,1,30
43,1000.0,-2046801624,100.0,30,100,"greedy",25.0,"false",50,25.0,1,30
44,1000.0,-2046800588,100.0,30,100,"greedy",25.0,"false",50,25.0,1,30
45,1000.0,-2046799643,100.0,30,100,"greedy",25.0,"false",50,25.0,1,30
46,1000.0,-2046798739,100.0,30,100,"greedy",25.0,"false",50,25.0,1,30
47,1000.0,-2046798054,100.0,30,100,"greedy",25.0,"false",50,25.0,1,30
48,1000.0,-2046797091,100.0,30,100,"greedy",25.0,"false",50,25.0,1,30
49,1000.0,-2046796229,100.0,30,100,"greedy",25.0,"false",50,25.0,1,30
50,1000.0,-2046795408,100.0,30,100,"greedy",25.0,"false",50,25.0,1,30
51,1000.0,-2046794319,100.0,30,100,"greedy",25.0,"false",50,25.0,1,30
52,1000.0,-2046793409,100.0,30,100,"greedy",25.0,"false",50,25.0,1,30
53,1000.0,-2046792507,100.0,30,100,"greedy",25.0,"false",50,25.0,1,30
54,1000.0,-2046791262,100.0,30,100,"greedy",25.0,"false",50,25.0,1,30
55,1000.0,-2046790415,100.0,30,100,"greedy",25.0,"false",50,25.0,1,30
56,1000.0,-2046789576,100.0,30,100,"greedy",25.0,"false",50,25.0,1,30
57,1000.0,-2046788721,100.0,30,100,"greedy",25.0,"false",50,25.0,1,30
58,1000.0,-2046787769,100.0,30,100,"greedy",25.0,"false",50,25.0,1,30
59,1000.0,-2046786961,100.0,30,100,"greedy",25.0,"false",50,25.0,1,30
60,1000.0,-2046786041,100.0,30,100,"greedy",25.0,"false",50,25.0,1,30
61,1000.0,-2046785206,100.0,30,100,"greedy",25.0,"false",50,25.0,1,30
62,1000.0,-2046784145,100.0,30,100,"greedy",25.0,"false",50,25.0,1,30
63,1000.0,-2046783182,100.0,30,100,"greedy",25.0,"false",50,25.0,1,30
64,1000.0,-2046782488,100.0,30,100,"greedy",25.0,"false",50,25.0,1,30
65,1000.0,-2046781491,100.0,30,100,"greedy",25.0,"false",50,25.0,1,30
66,1000.0,-2046780690,100.0,30,100,"greedy",25.0,"false",50,25.0,1,30
67,1000.0,-2046779860,100.0,30,100,"greedy",25.0,"false",50,25.0,1,30
68,1000.0,-2046778536,100.0,30,100,"greedy",25.0,"false",50,25.0,1,30
69,1000.0,-2046777535,100.0,30,100,"greedy",25.0,"false",50,25.0,1,30
70,1000.0,-2046776826,100.0,30,100,"greedy",25.0,"false",50,25.0,1,30
71,1000.0,-2046776058,100.0,30,100,"greedy",25.0,"false",50,25.0,1,30
72,1000.0,-2046774969,100.0,30,100,"greedy",25.0,"false",50,25.0,1,30
73,1000.0,-2046773900,100.0,30,100,"greedy",25.0,"false",50,25.0,1,30
74,1000.0,-2046772953,100.0,30,100,"greedy",25.0,"false",50,25.0,1,30
75,1000.0,-2046771950,100.0,30,100,"greedy",25.0,"false",50,25.0,1,30
76,1000.0,-2046771035,100.0,30,100,"greedy",25.0,"false",50,25.0,1,30
77,1000.0,-2046770011,100.0,30,100,"greedy",25.0,"false",50,25.0,1,30
78,1000.0,-2046769124,100.0,30,100,"greedy",25.0,"false",50,25.0,1,30
79,1000.0,-2046768100,100.0,30,100,"greedy",25.0,"false",50,25.0,1,30
80,1000.0,-2046767413,100.0,30,100,"greedy",25.0,"false",50,25.0,1,30
81,1000.0,-2046766533,100.0,30,100,"greedy",25.0,"false",50,25.0,1,30
82,1000.0,-2046765680,100.0,30,100,"greedy",25.0,"false",50,25.0,1,30
83,1000.0,-2046764761,100.0,30,100,"greedy",25.0,"false",50,25.0,1,30
84,1000.0,-2046763625,100.0,30,100,"greedy",25.0,"false",50,25.0,1,30
85,1000.0,-2046762698,100.0,30,100,"greedy",25.0,"false",50,25.0,1,30
86,1000.0,-2046761753,100.0,30,100,"greedy",25.0,"false",50,25.0,1,30
87,1000.0,-2046760968,100.0,30,100,"greedy",25.0,"false",50,25.0,1,30
88,1000.0,-2046759874,100.0,30,100,"greedy",25.0,"false",50,25.0,1,30
89,1000.0,-2046758940,100.0,30,100,"greedy",25.0,"false",50,25.0,1,30
90,1000.0,-2046758140,100.0,30,100,"greedy",25.0,"false",50,25.0,1,30
91,1000.0,-2046757009,100.0,30,100,"greedy",25.0,"false",50,25.0,1,30
92,1000.0,-2046756140,100.0,30,100,"greedy",25.0,"false",50,25.0,1,30
93,1000.0,-2046755236,100.0,30,100,"greedy",25.0,"false",50,25.0,1,30
94,1000.0,-2046754234,100.0,30,100,"greedy",25.0,"false",50,25.0,1,30
95,1000.0,-2046753436,100.0,30,100,"greedy",25.0,"false",50,25.0,1,30
96,1000.0,-2046752531,100.0,30,100,"greedy",25.0,"false",50,25.0,1,30
97,1000.0,-2046751468,100.0,30,100,"greedy",25.0,"false",50,25.0,1,30
98,1000.0,-2046750593,100.0,30,100,"greedy",25.0,"false",50,25.0,1,30
99,1000.0,-2046749454,100.0,30,100,"greedy",25.0,"false",50,25.0,1,30
100,1000.0,-2046748705,100.0,30,100,"greedy",25.0,"false",50,25.0,1,30
